tree
version=v3
num_class=1
num_tree_per_iteration=1
label_index=0
max_feature_idx=9
objective=binary sigmoid:1
feature_names=Column_0 Column_1 Column_2 Column_3 Column_4 Column_5 Column_6 Column_7 Column_8 Column_9
feature_infos=[0.0018367984292846362:0.99958580273255204] [0.0012726745133794237:0.9997399028077758] [0.0067843829525903177:0.9996836213459005] [0.0062654734793214928:0.99767532270984305] [0.0020017124381016549:0.99783908598106741] [0.0031015184984362065:0.99620744842223252] [0.0014724887212727023:0.99560603878101517] [0.0065220551056448528:0.99978770709876696] [0.0020200439081469179:0.99980640465518367] [0.0012185138460560907:0.99991870032636587]
tree_sizes=1999 2175 2075 2294 2304 2208 2104 2103 2103 2199

Tree=0
num_leaves=20
num_cat=0
split_feature=5 9 9 8 9 2 4 9 0 8 2 1 0 7 3 0 0 3 9
split_gain=9.16667 7.90684 6.78541 7.33333 7.3285 6.44038 7.70494 8.72739 12.8342 6.86531 5.87615 5.31489 3.86899 3.42857 3.33333 3.6 3.10303 2.06081 2.30205
threshold=0.86836440883459354 0.41247174569008438 0.29811293830336483 0.3948468104292901 0.15057619599882358 0.3511977870819053 0.55766937064963662 0.54913993693617147 0.32618810793112873 0.65785182637385342 0.49949955831881093 0.43993784170315609 0.59062627656953359 0.53301028365958969 0.64507243126718661 0.44414332027032855 0.69625349214263332 0.67481115805422875 0.72276470891691436
decision_type=2 2 2 2 2 2 2 2 2 2 2 2 2 2 2 2 2 2 2
left_child=1 2 4 -4 10 9 7 -7 -9 11 -1 -3 13 -6 15 -2 -10 18 -8
right_child=14 5 3 -5 12 6 17 8 16 -11 -12 -13 -14 -15 -16 -17 -18 -19 -20
leaf_value=-0.012500000000000004 -0.020000000000000004 -0.023999999999999987 0 0.15555555555555556 0.047619047619047596 -0.12727272727272718 -0.083333333333333301 -0.09999999999999995 0.14000000000000004 -0.062857142857142861 0.10967741935483871 0.094736842105263161 -0.1076923076923077 -0.066666666666666652 0.13999999999999999 0.099999999999999978 0.033333333333333326 -0.054545454545454543 -0.16923076923076921
leaf_weight=7.9999999999999982 4.9999999999999982 6.2500000000000027 5.4999999999999982 6.75 5.2500000000000018 5.5000000000000027 6.0000000000000018 6.0000000000000027 4.9999999999999982 8.7499999999999982 7.75 9.4999999999999982 6.4999999999999991 5.25 4.9999999999999991 5 6 5.4999999999999991 6.5
leaf_count=32 20 25 22 27 21 22 24 24 20 35 31 38 26 21 20 20 24 22 26
internal_value=0 -0.01 0.0222222 0.0857143 -0.00152672 -0.0323077 -0.0567901 -0.0177778 0.0176471 0.00816327 0.047619 0.047619 -0.0470588 -0.00952381 0.0733333 0.04 0.0818182 -0.105556 -0.128
internal_weight=0 110 45 12.25 32.75 65 40.5 22.5 17 24.5 15.75 15.75 17 10.5 15 10 11 18 12.5
internal_count=500 440 180 49 131 260 162 90 68 98 63 63 68 42 60 40 44 72 50
is_linear=0
shrinkage=0.1


Tree=1
num_leaves=20
num_cat=0
split_feature=5 9 9 8 9 2 4 9 0 0 6 2 5 5 3 9 0 1 2
split_gain=7.4455 6.42174 5.51918 5.99859 5.94675 5.23806 6.2676 7.10015 10.4234 5.7024 8.45883 4.77904 3.39696 3.12086 2.72544 3.60468 2.53957 2.01389 2.23552
threshold=0.86836440883459354 0.41247174569008438 0.29811293830336483 0.3948468104292901 0.15057619599882358 0.3511977870819053 0.55766937064963662 0.54913993693617147 0.32618810793112873 0.62838595512785977 0.28832578270780479 0.49949955831881093 0.64180780439196583 0.31692715741980365 0.64507243126718661 0.59830191306463421 0.69625349214263332 0.71030449975521959 0.71849768066378639
decision_type=2 2 2 2 2 2 2 2 2 2 2 2 2 2 2 2 2 2 2
left_child=1 2 4 -4 11 9 7 -7 -9 10 -3 -1 -6 -12 15 -2 -10 18 -8
right_child=14 5 3 -5 12 6 17 8 16 -11 13 -13 -14 -15 -16 -17 -18 -19 -20
leaf_value=-0.01125045830310515 -0.024027052586292799 0.078923419643092102 0 0.14088010070654006 -0.081015411149342464 -0.11502716822793624 -0.11013103707969447 -0.090233537490089041 0.12664134433245339 0.072132733910393251 -0.020805094361037838 0.099017834655470649 0.0094397103686490597 -0.12888638972513206 0.12664134433245336 0.096128898550891573 0.030008646465373962 -0.14937642624876968 -0.02605692786388248
leaf_weight=7.9996876716613752 4.9935103952884656 4.9926660507917431 5.4999999999999982 6.7093307375907898 9.7317901551723498 5.4777871966362026 7.4759918451309222 5.9850250482559231 4.9755796790122968 8.7377224266529065 4.9945573657751066 7.7267401367425919 7.2405959814786902 5.7442329078912735 4.9755796790122977 4.9935103952884674 5.9983338117599487 4.9815369248390189 5.4816605150699615
leaf_count=32 20 20 22 27 39 22 30 24 20 35 20 31 29 23 20 20 24 20 22
internal_value=0 -0.00902076 0.0200458 0.0774171 -0.00137592 -0.0291507 -0.0512763 -0.0160464 0.0159247 0.00735817 -0.0286196 0.0429268 -0.0424263 -0.0786183 0.0661754 0.0360509 0.073822 -0.0953387 -0.074564
internal_weight=0 109.753 44.9081 12.2093 32.6988 64.8451 40.3759 22.4367 16.9589 24.4692 15.7315 15.7264 16.9724 10.7388 14.9626 9.98702 10.9739 17.9392 12.9577
internal_count=500 440 180 49 131 260 162 90 68 98 63 63 68 43 60 40 44 72 52
is_linear=0
shrinkage=0.1


Tree=2
num_leaves=19
num_cat=0
split_feature=5 9 2 6 2 9 8 9 8 6 0 2 9 0 0 1 3 0
split_gain=6.0697 5.23732 4.70167 6.75103 6.37178 4.52193 4.98731 4.8351 4.2804 4.09484 3.97506 3.91303 3.74645 3.1739 3.01023 2.73706 2.26712 2.93518
threshold=0.86836440883459354 0.41247174569008438 0.52252341402326097 0.28832578270780479 0.62434864458026651 0.29811293830336483 0.3948468104292901 0.15057619599882358 0.6049179871785797 0.56648444674625564 0.62581972352495296 0.49949955831881093 0.80671935257608751 0.51753152038804484 0.67188706483282667 0.51642208787759658 0.64507243126718661 0.44414332027032855
decision_type=2 2 2 2 2 2 2 2 2 2 2 2 2 2 2 2 2 2
left_child=1 5 3 -3 -4 7 -7 11 10 -10 -5 -1 13 -6 15 -9 17 -2
right_child=16 2 4 8 12 6 -8 14 9 -11 -12 -13 -14 -15 -16 -17 -18 -19
leaf_value=-0.010126492934363051 -0.021624500600635067 0.076366768864264814 -0.14158412465467493 -0.034180842881285887 -0.10249530302177715 0 0.12891834535625066 -0.055152569602411751 -0.13574809035670607 -0.010320935357405027 0.068870740793946297 0.089854633279459015 0.023856842487852716 -0.010512240156454472 -0.10376925357771823 0.040811507609837878 0.11552197969374688 0.086905898585235425
leaf_weight=7.9988718032836896 4.9951700866222364 8.4597668796777707 6.6681808084249523 9.4479002356529254 8.1607236415147799 5.4999999999999982 6.6038575619459152 6.4796315878629702 5.4679373502731305 4.9675717800855637 6.1991451233625403 7.6662232875823975 8.1671432107686979 6.9425673931837073 4.9621900916099539 5.4905829578638077 4.9121704697608939 4.972507655620575
leaf_count=32 20 34 27 38 33 22 27 26 22 20 25 31 33 28 20 22 20 20
internal_value=0 -0.00816229 -0.026398 -0.00125887 -0.0554028 0.0181424 0.0703378 -0.00123835 -0.0264364 -0.0760415 0.00664678 0.0388025 -0.0307074 -0.0602132 -0.0382823 -0.0111351 0.059919 0.0325173
internal_weight=0 109.182 64.4809 34.5423 29.9386 44.7014 12.1039 32.5975 26.0826 10.4355 15.647 15.6651 23.2704 15.1033 16.9324 11.9702 14.8798 9.96768
internal_count=500 440 260 139 121 180 49 131 105 42 63 63 94 61 68 48 60 40
is_linear=0
shrinkage=0.1


Tree=3
num_leaves=21
num_cat=0
split_feature=7 7 3 5 1 7 2 2 4 2 2 1 1 2 3 6 6 8 8 7
split_gain=5.54395 11.314 8.18959 5.20944 3.98437 6.15947 4.59587 7.18822 4.42642 8.35508 6.23362 6.10792 5.08908 4.70836 4.35426 4.05288 3.16105 3.1079 1.97186 1.57668
threshold=0.091151037701680496 0.18963063671992678 0.9377352880010249 0.91022630223736678 0.80465939768457029 0.51943242996394845 0.85784132647696387 0.76873374202963485 0.73570129517179172 0.27435060373141018 0.3164283775951986 0.35834031162597929 0.48978386412733849 0.55330753467903204 0.53784541953045772 0.53723063370315371 0.38898321342746217 0.64687462567357257 0.49430533959459494 0.1384814408454407
decision_type=2 2 2 2 2 2 2 2 2 2 2 2 2 2 2 2 2 2 2 2
left_child=16 19 3 4 6 -6 7 8 9 12 -10 13 18 -11 -7 -13 -1 -8 -3 -2
right_child=1 2 -4 -5 5 14 17 -9 10 11 -12 15 -14 -15 -16 -17 -18 -19 -20 -21
leaf_value=0.010164818900443127 -0.067501953821599611 -0.023966882218986015 -0.12262724415302367 0.090442378433416182 0.032539507308438763 -0.025739144932765939 0.023934382125881896 -0.10062312106223004 0.037002546300378324 0.19524153992507509 -0.10522117090002243 -0.050060295289600154 0.056727294971571578 0.06630948534077985 -0.14382741145929714 0.067070610108599854 0.11492652098102998 0.13357155567918191 -0.11022630189088867 -0.1455953173913207
leaf_weight=5.4132829755544645 5.1829163283109647 5.7136679738759977 4.9108444750308982 7.3890612423419944 8.1292117089033145 6.9104530662298185 5.4408777058124524 5.9246171712875357 5.9480162113904935 4.9439395666122454 6.3951572775840759 4.9258857816457731 5.1963724642992011 6.6315163820981979 5.6964045614004135 7.3796947151422501 6.1551743149757385 4.9267800450325012 4.942571148276329 5.1584385633468628
leaf_count=22 21 23 20 30 33 28 22 24 24 20 26 20 21 27 23 30 25 20 20 21
internal_value=0 -0.00681663 0.00334468 0.00975572 0.00306477 -0.035332 0.0147104 0.00374874 0.0156228 0.0318722 -0.0366854 0.0692333 -0.0244101 0.121377 -0.0790973 0.0201835 0.0659049 0.0760347 -0.0639757 -0.106456
internal_weight=0 111.746 101.405 96.4942 89.1052 20.7361 68.3691 58.0014 52.0768 39.7336 12.3432 23.881 15.8526 11.5755 12.6069 12.3056 11.5685 10.3677 10.6562 10.3414
internal_count=500 453 411 391 361 84 277 235 211 161 50 97 64 47 51 50 47 42 43 42
is_linear=0
shrinkage=0.1


Tree=4
num_leaves=21
num_cat=0
split_feature=7 7 3 5 3 7 9 8 8 9 1 9 1 1 9 9 8 6 6 3
split_gain=4.5109 9.19408 6.6587 4.26929 3.60413 8.3982 5.21259 4.64895 6.47013 5.44921 5.00539 4.34065 3.84224 4.32172 3.41224 2.99776 2.99436 2.70954 2.59262 1.47211
threshold=0.091151037701680496 0.18963063671992678 0.9377352880010249 0.91022630223736678 0.74366001838699525 0.64673132882655926 0.11871705064841127 0.15783324201131807 0.36489681927133039 0.29811293830336483 0.87181869117894173 0.31656030621029335 0.57912314399162945 0.3085266972868424 0.65347603651351238 0.511895936924602 0.082211689888067443 0.53341395040895179 0.38898321342746217 0.55402707156169295
decision_type=2 2 2 2 2 2 2 2 2 2 2 2 2 2 2 2 2 2 2 2
left_child=18 19 3 4 6 11 -3 16 15 -10 12 -6 13 -11 -14 -9 -8 -15 -1 -2
right_child=1 2 -4 -5 5 -7 7 8 9 10 -12 -13 14 17 -16 -17 -18 -19 -20 -21
leaf_value=0.0091524947819293725 -0.13224220833982772 0.070727442807772017 -0.11075244534140641 0.082242629356563179 0.025184043187457907 -0.051424584760291096 -0.007692686526084647 -0.038616251811644096 -0.092498930213348235 0.049784872981774961 -0.085371994518114697 0.14834860737959457 0.13398192989874799 -0.097838711071403239 0.016130170036493176 -0.13280423088717491 0.10103851159372777 0.0061512753730086217 0.10419533253400792 -0.056594293570260294
leaf_weight=5.4109501838684064 5.3858954906463605 7.641251102089881 4.8942413926124564 7.316896364092826 5.1763008087873477 6.1387917995452872 5.1903120875358564 6.4222885966300947 6.4198507964611045 8.5260856449604088 4.8846169412136069 6.3984671086072922 4.8905337005853635 5.1310187578201276 4.9368283003568649 7.1313569247722626 4.9466352611780167 4.8968508094549179 6.1122087389230728 4.9245527237653732
leaf_count=22 22 31 20 30 21 25 21 26 26 35 20 26 20 21 20 29 20 20 25 20
internal_value=0 -0.00616162 0.00302595 0.00882366 0.00276943 0.043124 -0.00729599 -0.0167032 -0.0285214 -0.00814861 0.0081298 0.0932687 0.0242221 -0.00255581 0.0747785 -0.088174 0.045366 -0.0470579 0.0595659 -0.0961107
internal_weight=0 111.253 100.942 96.0481 88.7312 17.7136 71.0176 63.3764 53.2394 39.6858 33.2659 11.5748 28.3813 18.554 9.82736 13.5536 10.1369 10.0279 11.5232 10.3104
internal_count=500 453 411 391 361 72 289 258 217 162 136 47 116 76 40 55 41 41 47 42
is_linear=0
shrinkage=0.1


Tree=5
num_leaves=20
num_cat=0
split_feature=7 7 3 5 1 0 8 0 5 3 3 3 1 2 2 0 2 7 7
split_gain=3.68173 7.51865 5.44593 3.50979 3.52949 4.57469 4.58742 4.52592 4.99265 3.69092 4.42764 3.59389 5.21684 2.90429 3.8788 3.65445 4.35656 2.34886 1.32005
threshold=0.091151037701680496 0.18963063671992678 0.9377352880010249 0.91022630223736678 0.069233041027794942 0.34520106875651668 0.15783324201131807 0.1298382128187168 0.44037453855179032 0.27394087450724947 0.67579860433276495 0.83221482893818866 0.88741533489960966 0.26529089301219511 0.38305128013721423 0.77141054542560183 0.68923819965755084 0.029208090175426252 0.1384814408454407
decision_type=2 2 2 2 2 2 2 2 2 2 2 2 2 2 2 2 2 2 2
left_child=17 18 3 4 -3 7 -7 8 -6 -9 -11 12 13 -8 -15 16 -16 -1 -2
right_child=1 2 -4 -5 5 6 11 9 -10 10 -12 -13 -14 14 15 -17 -18 -19 -20
leaf_value=0.0012283849561523785 -0.051570348431463346 0.084911969350407776 -0.10063969824255972 0.074986430373441701 -0.053219441384413181 0.083340934235688793 -0.043961087245357487 -0.14109270667009929 0.086029305969772013 0.011181166958806627 -0.11156297975783397 0.064381918288152762 -0.087613631930209518 0.10392917299117413 -0.037603818631020261 -0.053434026472166142 0.082997000319013525 0.092872006625884726 -0.12343683962373218
leaf_weight=4.8581728488206846 5.143705025315283 4.9080809354782096 4.8496343195438376 7.2271522581577292 5.1405234932899493 8.1588875502347928 8.3765142858028394 4.8618969768285778 5.1588192582130432 7.3209560513496381 4.9096641391515732 7.7847395390272132 7.1014553755521765 4.8902782797813442 4.8727220743894595 7.0222272127866736 7.7742459177970886 6.5910966098308563 5.0801142603158951
leaf_count=20 21 20 20 30 21 33 34 20 21 30 20 32 29 20 20 29 32 27 21
internal_value=0 -0.00558474 0.00273787 0.00798709 0.00250217 -0.00234921 0.0140362 -0.0358364 0.0165286 -0.0673896 -0.0380913 0.00221224 -0.00987581 0.00688554 0.0242278 0.00441199 0.036531 0.0539856 -0.0872801
internal_weight=0 110.582 100.358 95.5082 88.281 83.3729 55.9811 27.3919 10.2993 17.0925 12.2306 47.8222 40.0374 32.936 24.5595 19.6692 12.647 11.4493 10.2238
internal_count=500 453 411 391 361 341 229 112 42 70 50 196 164 135 101 81 52 47 42
is_linear=0
shrinkage=0.1


Tree=6
num_leaves=19
num_cat=0
split_feature=5 2 2 9 1 7 9 9 5 2 9 1 3 7 8 3 9 0
split_gain=3.07534 3.55316 4.57246 4.89264 4.18031 4.76998 3.86594 4.69602 6.57935 3.30579 5.478 2.78345 2.60366 2.41057 2.37637 2.22442 2.72816 2.11722
threshold=0.86836440883459354 0.064462548822827662 0.14779671910768941 0.61777029746942169 0.86523140296285239 0.51943242996394845 0.41247174569008438 0.29513992773394188 0.54490137329132449 0.52252341402326097 0.80671935257608751 0.59166886070359859 0.46499830834677103 0.36628563064773745 0.51485878990411227 0.64507243126718661 0.59830191306463421 0.57275048362001668
decision_type=2 2 2 2 2 2 2 2 2 2 2 2 2 2 2 2 2 2
left_child=1 -1 3 -3 6 -6 7 8 14 12 11 17 -8 -10 -4 16 -2 -11
right_child=15 2 4 -5 5 -7 9 -9 13 10 -12 -13 -14 -15 -16 -17 -18 -19
leaf_value=-0.087106589179478611 -0.036465341479181242 0.099778172573133275 -0.0052830574919148741 -0.024009632936333378 -0.0010201455358090721 -0.11885858844463126 -0.027299174453425775 0.091416581990597212 0.010223373978338912 -0.14083264331263029 0.028148763145808383 -0.016440966766492666 0.048307387364711213 0.10194541788632561 -0.094606578020299745 0.10008145753679883 0.069709663265096297 -0.055604171853129047
leaf_weight=5.1222573220729819 4.8887282460927945 8.3444716483354551 6.1043856292963081 5.1718833595514289 6.7801682949066144 6.9627630114555359 8.7497913092374819 8.1218881756067258 5.5909012258052808 6.4516312927007728 7.3688922971487036 5.5542325824499121 9.5000655353069288 5.8774996548891068 5.8161870688199997 4.6769036054611197 4.792441114783287 5.3167086094617844
leaf_count=21 20 34 25 21 28 29 36 34 23 27 30 23 39 24 24 20 20 22
internal_value=0 -0.00584091 -0.00174832 0.0524121 -0.0100487 -0.0607222 -0.000694997 0.0259059 0.00315716 -0.0202151 -0.0440688 -0.0747896 0.0120582 0.0572305 -0.048865 0.0434516 0.0160942 -0.102328
internal_weight=0 106.834 101.711 13.5164 88.1951 13.7429 74.4522 31.5109 23.389 42.9413 24.6915 17.3226 18.2499 11.4684 11.9206 14.3581 9.68117 11.7683
internal_count=500 440 419 55 364 57 307 130 96 177 102 72 75 47 49 60 40 49
is_linear=0
shrinkage=0.1


Tree=7
num_leaves=19
num_cat=0
split_feature=7 7 3 3 1 0 1 2 5 2 7 0 4 7 4 9 1 3
split_gain=2.99482 5.98135 4.46388 4.12073 2.36516 3.12934 4.48595 3.30309 2.81569 3.257 3.71458 2.64847 3.23838 5.43199 2.58397 5.18351 2.26523 1.24402
threshold=0.091151037701680496 0.18963063671992678 0.92175875653425854 0.85286955752206361 0.069233041027794942 0.35935696138542933 0.88741533489960966 0.11958557207841809 0.82502906922397978 0.32271817117361995 0.78256616675403212 0.28571232652694972 0.18719262749809848 0.61113955816706411 0.33938149894327341 0.42931410570276685 0.49805632541491285 0.55402707156169295
decision_type=2 2 2 2 2 2 2 2 2 2 2 2 2 2 2 2 2 2
left_child=16 17 3 4 -3 11 7 -7 9 -9 14 12 -6 -14 -11 -16 -1 -2
right_child=1 2 -4 -5 5 6 -8 8 -10 10 -12 -13 13 -15 15 -17 -18 -19
leaf_value=0.10089464954583982 -0.11263357857964923 0.065470643157105393 -0.078261503173146701 0.073830689197485963 -0.077286039325318384 -0.052461147234345022 -0.059518358078513238 0.080893275042762822 0.1013485687531564 0.032821843182949333 0.070084421433406527 -0.085428824866181807 0.062472840528312583 -0.05126714487019926 0.029627507672236708 -0.1071991007590424 0.010404917421522769 -0.042167992139459876
leaf_weight=4.8208266496658307 5.1959706842899305 5.3607235848903647 6.4206055402755728 8.6140385568141919 5.8271438777446809 4.8852347731590262 7.4194356501102439 7.5463984012603786 5.4573789536952964 6.3228043764829698 6.5163337737321845 6.4980016797780982 8.9628716707229632 7.8996677100658408 4.9382317215204221 6.302267774939537 6.4914790987968445 4.8382906913757324
leaf_count=20 22 22 27 36 24 20 31 31 23 26 27 27 37 33 21 26 27 20
internal_value=0 -0.00508898 0.00236974 0.00796345 0.00120379 -0.00318073 0.0121609 0.0248327 0.0350151 0.0235686 0.00560347 -0.0291401 -0.0130198 0.00918857 -0.0183202 -0.0470878 0.0489678 -0.0786567
internal_weight=0 109.005 98.9711 92.5505 83.9365 78.5758 49.3881 41.9686 37.0834 31.626 24.0796 29.1877 22.6897 16.8625 17.5633 11.2405 11.3123 10.0343
internal_count=500 453 411 384 348 326 205 174 154 131 100 121 94 70 73 47 47 42
is_linear=0
shrinkage=0.1


Tree=8
num_leaves=19
num_cat=0
split_feature=7 7 3 5 1 3 6 7 5 1 5 3 3 3 1 0 0 7
split_gain=2.51903 6.3814 3.71764 3.09159 5.9204 4.75544 2.95153 3.29838 4.17141 2.68567 2.3288 3.02084 2.50253 4.49446 4.32014 3.25086 3.13665 1.48316
threshold=0.10505291277001601 0.18963063671992678 0.9377352880010249 0.13406336093057472 0.54859581885917863 0.85286955752206361 0.077262867540121252 0.85682824342534392 0.91022630223736678 0.48978386412733849 0.72505640555708395 0.34900579620170391 0.47027617247970416 0.59531450000298292 0.60342949328988837 0.68565645898762784 0.29683544934256756 0.029208090175426252
decision_type=2 2 2 2 2 2 2 2 2 2 2 2 2 2 2 2 2 2
left_child=17 -2 3 4 -3 6 -5 8 10 -9 12 -12 15 -14 -15 16 -8 -1
right_child=1 2 -4 5 -6 -7 7 9 -10 -11 11 -13 13 14 -16 -17 -18 -19
leaf_value=-0.0015703593750607159 -0.088464876936929726 0.031698762640471501 -0.08490527038781831 0.073494933515256378 -0.11598290078638261 0.084840878218520932 -0.013186874004347605 0.0054162508504647456 0.078514205231721521 0.1062791422678814 -0.0032158001695031823 -0.098457217581216214 0.093077810942376826 -0.054013471876651023 0.060192177263821027 0.025434162598857293 -0.1112135716559247 0.068868006087138875
leaf_weight=4.8203182369470579 8.4393955618143064 5.3191948831081373 4.6726161837577811 5.8117924183607093 5.5436367839574814 8.3062709718942624 6.7893173098564166 5.9294581264257413 4.8628671616315833 4.7584962546825409 6.2073995321989042 7.1849286407232285 5.794117376208308 8.8902123868465406 5.2790809571743003 6.6792297959327689 6.2868235856294632 7.8695626109838486
leaf_count=20 36 22 20 24 23 35 28 25 21 20 26 30 24 37 22 28 26 33
internal_value=0 -0.00501621 0.00214702 0.00649078 -0.0436677 0.0130728 0.00506834 -0.000723528 -0.0101343 0.0503225 -0.0182509 -0.0543124 -0.00609176 0.0188781 -0.0114637 -0.0313246 -0.0603167 0.0421116
internal_weight=0 106.755 98.3154 93.6428 10.8628 82.78 74.4737 68.6619 57.974 10.688 53.1111 13.3923 39.7188 19.9634 14.1693 19.7554 13.0761 12.6899
internal_count=500 447 411 391 45 346 311 287 242 45 221 56 165 83 59 82 54 53
is_linear=0
shrinkage=0.1


Tree=9
num_leaves=20
num_cat=0
split_feature=7 7 3 2 3 7 9 4 4 5 8 2 0 8 7 7 6 1 9
split_gain=2.05577 4.13839 3.1386 2.91101 2.5371 3.68007 3.28236 3.92926 5.53409 6.74048 5.1992 4.99147 4.75739 4.16647 2.99186 2.32393 2.2726 1.90701 1.16534
threshold=0.091151037701680496 0.18963063671992678 0.92175875653425854 0.94408120785892879 0.74366001838699525 0.4255880675531864 0.11871705064841127 0.71825878888230876 0.4449315978303946 0.47680153071748527 0.26999106071476225 0.35700075190019537 0.53880756882824321 0.4176664270016649 0.78256616675403212 0.61113955816706411 0.38898321342746217 0.62856521629113515 0.49275001186673223
decision_type=2 2 2 2 2 2 2 2 2 2 2 2 2 2 2 2 2 2 2
left_child=16 18 3 4 6 -6 -3 8 9 12 -10 -9 -8 -11 -12 -13 -1 -7 -2
right_child=1 2 -4 -5 5 17 7 11 10 13 14 15 -14 -15 -16 -17 -18 -19 -20
leaf_value=-0.006688607063110529 -0.030968328440912553 0.058090352579226692 -0.066590840032009421 0.083643590034027215 0.10397983155424427 0.045048843295526005 -0.12816511572266287 0.0098038439447509507 0.12183365477603839 -0.033994355151500427 -0.025072927087547547 -0.051750198082348521 -0.017374499904809219 0.084466598593881004 0.072750748876201657 -0.15019083558979754 0.083698192507517546 -0.040961505733831956 -0.10014555885255216
leaf_weight=5.2896762788295728 4.7555093616247159 7.261035054922103 6.253983572125434 4.6584458500146857 5.5848093181848517 5.2985551953315717 7.4509873092174557 6.9367553740739849 5.8075053244829205 5.5475304722785932 8.9722038209438306 4.7410000860691053 8.0775402337312681 6.3878352344036102 4.7985940128564826 4.8528708070516586 5.8670653998851776 5.0201999396085739 4.9907817840576172
leaf_count=22 20 30 27 20 24 22 31 29 24 23 38 20 34 27 20 21 25 21 22
internal_value=0 -0.0042567 0.00194492 0.00663465 0.0024987 0.038593 -0.00560517 -0.0128802 0.00185718 -0.027102 0.0424803 -0.0548193 -0.0705347 0.0294062 0.00901487 -0.101544 0.0408437 0.00320376 -0.0663919
internal_weight=0 107.396 97.6499 91.3959 86.7374 15.9036 70.8339 63.5728 47.0422 27.4639 19.5783 16.5306 15.5285 11.9354 13.7708 9.59387 11.1567 10.3188 9.74629
internal_count=500 453 411 384 364 67 297 267 197 115 82 70 65 50 58 41 47 43 42
is_linear=0
shrinkage=0.1


end of trees

feature_importances:
Column_7=27
Column_9=27
Column_3=25
Column_2=23
Column_0=20
Column_1=20
Column_5=16
Column_8=14
Column_6=9
Column_4=7

parameters:
[boosting: gbdt]
[objective: binary]
[metric: auc]
[tree_learner: serial]
[device_type: cpu]
[data: ]
[valid: ]
[num_iterations: 10]
[learning_rate: 0.1]
[num_leaves: 31]
[num_threads: 0]
[deterministic: 0]
[force_col_wise: 0]
[force_row_wise: 0]
[histogram_pool_size: -1]
[max_depth: -1]
[min_data_in_leaf: 20]
[min_sum_hessian_in_leaf: 0.001]
[bagging_fraction: 1]
[pos_bagging_fraction: 1]
[neg_bagging_fraction: 1]
[bagging_freq: 0]
[bagging_seed: 3]
[feature_fraction: 1]
[feature_fraction_bynode: 1]
[feature_fraction_seed: 2]
[extra_trees: 0]
[extra_seed: 6]
[early_stopping_round: 0]
[first_metric_only: 0]
[max_delta_step: 0]
[lambda_l1: 0]
[lambda_l2: 0]
[linear_lambda: 0]
[min_gain_to_split: 0]
[drop_rate: 0.1]
[max_drop: 50]
[skip_drop: 0.5]
[xgboost_dart_mode: 0]
[uniform_drop: 0]
[drop_seed: 4]
[top_rate: 0.2]
[other_rate: 0.1]
[min_data_per_group: 100]
[max_cat_threshold: 32]
[cat_l2: 10]
[cat_smooth: 10]
[max_cat_to_onehot: 4]
[top_k: 20]
[monotone_constraints: ]
[monotone_constraints_method: basic]
[monotone_penalty: 0]
[feature_contri: ]
[forcedsplits_filename: ]
[refit_decay_rate: 0.9]
[cegb_tradeoff: 1]
[cegb_penalty_split: 0]
[cegb_penalty_feature_lazy: ]
[cegb_penalty_feature_coupled: ]
[path_smooth: 0]
[interaction_constraints: ]
[verbosity: 1]
[saved_feature_importance_type: 0]
[linear_tree: 0]
[max_bin: 255]
[max_bin_by_feature: ]
[min_data_in_bin: 3]
[bin_construct_sample_cnt: 200000]
[data_random_seed: 1]
[is_enable_sparse: 1]
[enable_bundle: 1]
[use_missing: 1]
[zero_as_missing: 0]
[feature_pre_filter: 1]
[pre_partition: 0]
[two_round: 0]
[header: 0]
[label_column: ]
[weight_column: ]
[group_column: ]
[ignore_column: ]
[categorical_feature: ]
[forcedbins_filename: ]
[precise_float_parser: 0]
[objective_seed: 5]
[num_class: 1]
[is_unbalance: 0]
[scale_pos_weight: 1]
[sigmoid: 1]
[boost_from_average: 1]
[reg_sqrt: 0]
[alpha: 0.9]
[fair_c: 1]
[poisson_max_delta_step: 0.7]
[tweedie_variance_power: 1.5]
[lambdarank_truncation_level: 30]
[lambdarank_norm: 1]
[label_gain: ]
[eval_at: ]
[multi_error_top_k: 1]
[auc_mu_weights: ]
[num_machines: 1]
[local_listen_port: 12400]
[time_out: 120]
[machine_list_filename: ]
[machines: ]
[gpu_platform_id: -1]
[gpu_device_id: -1]
[gpu_use_dp: 0]
[num_gpu: 1]

end of parameters

pandas_categorical:null
